1810	648	6
0.14142100512981415	0.05857900157570839	-1.9148310422897339	0.06485404819250107	0.7327081561088562	1.0	0	0.0	0	0.0	0	0.46814054250717163	0.31280383467674255	0.8264370560646057	-0.5555699467658997	0.8314697742462158	-2.573780875536613e-06	-0.6871582865715027	-0.45914238691329956	0.5630291104316711
0.20000000298023224	0.20000000298023224	-2.0015408992767334	0.08713418990373611	0.6993632316589355	1.0	0	0.0	0	0.0	0	0.46814054250717163	0.31280383467674255	0.8264370560646057	-0.5555700063705444	0.8314697742462158	-2.5491513042652514e-06	-0.6871582269668579	-0.45914244651794434	0.5630291700363159
0.10823900252580643	0.10823900252580643	-1.9148310422897339	0.08050152659416199	0.732708215713501	1.0	0	0.0	0	0.0	0	0.46814054250717163	0.31280383467674255	0.8264370560646057	-0.5555699467658997	0.8314697742462158	-2.573780875536613e-06	-0.6871582865715027	-0.45914238691329956	0.5630291104316711
0.0	0.0	-1.884382963180542	0.07267780601978302	0.7720410823822021	1.0	0	0.0	0	0.0	0	0.16526444256305695	-0.11042700707912445	0.9800477027893066	-0.5460688471794128	0.8172463774681091	0.18416637182235718	-0.821277379989624	-0.5656096935272217	0.07476101815700531
0.10823900252580643	-0.10823900252580643	-1.9148310422897339	0.03334491699934006	0.7642173767089844	1.0	0	0.0	0	0.0	0	0.16526444256305695	-0.11042700707912445	0.9800477027893066	-0.5460688471794128	0.8172463774681091	0.18416637182235718	-0.821277379989624	-0.5656096935272217	0.07476101815700531
0.14142100512981415	-0.05857900157570839	-1.9148310422897339	0.03933286666870117	0.7497609853744507	1.0	0	0.0	0	0.0	0	0.16526444256305695	-0.11042700707912445	0.9800477027893066	-0.5460687875747681	0.8172463178634644	0.18416637182235718	-0.8212773203849792	-0.5656096339225769	0.07476101070642471
0.0	-0.5	-1.7999999523162842	0.5661150217056274	0.6287734508514404	1.0	0	0.0	0	0.0	0	0.13052509725093842	-0.991445004940033	0.0	-0.991445004940033	-0.13052509725093842	0.0	0.0	0.0	-1.0
0.1294099986553192	-0.4829629957675934	-0.6000000238418579	0.5319235324859619	0.3143867552280426	1.0	0	0.0	0	0.0	0	0.13052509725093842	-0.991445004940033	0.0	-0.991445004940033	-0.13052509725093842	0.0	0.0	0.0	-1.0
0.0	-0.5	-0.6000000238418579	0.5661150217056274	0.3143867552280426	1.0	0	0.0	0	0.0	0	0.13052509725093842	-0.991445004940033	0.0	-0.991445004940033	-0.13052509725093842	0.0	0.0	0.0	-1.0
0.36955198645591736	0.1530729979276657	-2.2843830585479736	0.5159376263618469	0.7028751969337463	1.0	0	0.0	0	0.0	0	0.8160848021507263	0.545288622379303	0.19148343801498413	-0.5555689930915833	0.8314705491065979	-7.798964141159104e-09	-0.15921282768249512	-0.10638225823640823	0.9814958572387695
0.26131200790405273	0.26131299138069153	-2.131309986114502	0.5481669306755066	0.7429786324501038	1.0	0	0.0	0	0.0	0	0.8160848021507263	0.545288622379303	0.19148343801498413	-0.5555689334869385	0.8314704895019531	-1.3505609075536995e-08	-0.15921282768249512	-0.10638224333524704	0.9814958572387695
0.3414210081100464	0.14142100512981415	-2.131309986114502	0.5140051245689392	0.7429786324501038	1.0	0	0.0	0	0.0	0	0.8160848021507263	0.545288622379303	0.19148343801498413	-0.5555689334869385	0.8314704298973083	-1.3505600193752798e-08	-0.15921282768249512	-0.10638223588466644	0.9814958572387695
0.10823900252580643	-0.10823900252580643	-2.653934955596924	0.8391836285591125	0.7724360227584839	1.0	0	0.0	0	0.0	0	0.165263831615448	-0.11042661219835281	-0.980047881603241	0.5555731058120728	0.8314676880836487	-1.2801137927453965e-08	0.8148781657218933	-0.544488251209259	0.19876158237457275
0.0	0.0	-2.684382915496826	0.8470073342323303	0.7331031560897827	1.0	0	0.0	0	0.0	0	0.165263831615448	-0.11042661219835281	-0.980047881603241	0.5555731058120728	0.8314676880836487	-1.2801137927453965e-08	0.8148781657218933	-0.544488251209259	0.19876158237457275
0.14142100512981415	-0.05857900157570839	-2.653934955596924	0.8548310995101929	0.7724360227584839	1.0	0	0.0	0	0.0	0	0.165263831615448	-0.11042661219835281	-0.980047881603241	0.5555731058120728	0.8314676880836487	-1.2801137927453965e-08	0.8148781657218933	-0.544488251209259	0.19876158237457275
0.1294099986553192	-0.4829629957675934	-1.7999999523162842	0.5319234728813171	0.6287734508514404	1.0	0	0.0	0	0.0	0	0.38268333673477173	-0.9238795638084412	0.0	-0.9238795638084412	-0.38268333673477173	0.0	0.0	0.0	-1.0
0.25	-0.433012992143631	-0.6000000238418579	0.4987459182739258	0.3143867552280426	1.0	0	0.0	0	0.0	0	0.38268333673477173	-0.9238795638084412	0.0	-0.9238796234130859	-0.38268333673477173	0.0	0.0	0.0	-1.0
0.1294099986553192	-0.4829629957675934	-0.6000000238418579	0.5319235324859619	0.3143867552280426	1.0	0	0.0	0	0.0	0	0.38268333673477173	-0.9238795638084412	0.0	-0.9238796234130859	-0.3826833963394165	0.0	0.0	0.0	-1.0
0.3414210081100464	0.14142100512981415	-2.4374570846557617	0.5140051245689392	0.6627715229988098	1.0	0	0.0	0	0.0	0	0.816085696220398	0.5452876091003418	-0.19148239493370056	-0.5555678606033325	0.8314712047576904	-6.867878710181685e-09	0.1592121124267578	0.10638148337602615	0.9814960956573486
0.2828429937362671	0.2828429937362671	-2.2843830585479736	0.5529140830039978	0.7028751969337463	1.0	0	0.0	0	0.0	0	0.816085696220398	0.5452876091003418	-0.19148239493370056	-0.5555678606033325	0.8314712643623352	-1.1612826256168773e-09	0.1592121124267578	0.10638146102428436	0.9814960956573486
0.36955198645591736	0.1530729979276657	-2.2843830585479736	0.5159376263618469	0.7028751969337463	1.0	0	0.0	0	0.0	0	0.816085696220398	0.5452876091003418	-0.19148239493370056	-0.5555678606033325	0.8314712643623352	-1.1612826256168773e-09	0.1592121124267578	0.10638146102428436	0.9814960956573486
0.2828429937362671	-0.2828429937362671	-2.2843830585479736	0.40633079409599304	0.7028751969337463	1.0	0	0.0	0	0.0	0	0.8160884976387024	-0.5452844500541687	0.19147954881191254	0.5555639863014221	0.8314737677574158	1.6012495507311542e-06	-0.15921109914779663	0.10637784004211426	0.9814965724945068
0.3414210081100464	-0.14142100512981415	-2.131309986114502	0.44071370363235474	0.7429786324501038	1.0	0	0.0	0	0.0	0	0.8160884976387024	-0.5452844500541687	0.19147954881191254	0.5555639863014221	0.8314737677574158	1.6012496644179919e-06	-0.15921109914779663	0.10637784004211426	0.9814965724945068
0.26131299138069153	-0.26131299138069153	-2.131309986114502	0.4127415418624878	0.7429786920547485	1.0	0	0.0	0	0.0	0	0.8160884976387024	-0.5452844500541687	0.19147954881191254	0.5555639863014221	0.8314737677574158	1.6012497781048296e-06	-0.15921109914779663	0.10637784004211426	0.9814965724945068
0.25	-0.433012992143631	-1.7999999523162842	0.4987459182739258	0.6287734508514404	1.0	0	0.0	0	0.0	0	0.6087661981582642	-0.7933497428894043	0.0	-0.7933496832847595	-0.6087661981582642	0.0	0.0	0.0	-1.0
0.35355299711227417	-0.35355299711227417	-0.6000000238418579	0.4688429832458496	0.3143867552280426	1.0	0	0.0	0	0.0	0	0.6087661981582642	-0.7933497428894043	0.0	-0.7933498024940491	-0.6087661981582642	0.0	0.0	0.0	-1.0
0.25	-0.433012992143631	-0.6000000238418579	0.4987459182739258	0.3143867552280426	1.0	0	0.0	0	0.0	0	0.6087661981582642	-0.7933497428894043	0.0	-0.7933497428894043	-0.6087661981582642	0.0	0.0	0.0	-1.0
0.3414210081100464	0.14142100512981415	-2.131309986114502	0.5140051245689392	0.7429786324501038	1.0	0	0.0	0	0.0	0	0.6954391598701477	0.4646795094013214	0.5481216907501221	-0.5555717945098877	0.8314685821533203	-1.5151044863159768e-08	-0.45574596524238586	-0.30452093482017517	0.8363986611366272
0.20000000298023224	0.20000000298023224	-2.0015408992767334	0.5346478819847107	0.7769767045974731	1.0	0	0.0	0	0.0	0	0.6954391598701477	0.4646795094013214	0.5481216907501221	-0.5555718541145325	0.8314686417579651	1.184162212730655e-09	-0.4557459354400635	-0.30452093482017517	0.8363986611366272
0.26131299138069153	0.10823900252580643	-2.0015408992767334	0.5085016489028931	0.7769767045974731	1.0	0	0.0	0	0.0	0	0.6954391598701477	0.4646795094013214	0.5481216907501221	-0.5555718541145325	0.8314685821533203	1.1841621017083526e-09	-0.4557459056377411	-0.30452096462249756	0.8363986015319824
0.10823900252580643	-0.10823900252580643	-2.653934955596924	0.8391836285591125	0.7724360227584839	1.0	0	0.0	0	0.0	0	0.46813806891441345	-0.3128011226654053	-0.8264394998550415	0.5555717945098877	0.8314685821533203	-1.0068788469652645e-08	0.687158465385437	-0.4591464698314667	0.5630255937576294
0.26131299138069153	-0.10823900252580643	-2.567225933074951	0.8614640831947327	0.8057810068130493	1.0	0	0.0	0	0.0	0	0.46813806891441345	-0.3128011226654053	-0.8264394998550415	0.5555718541145325	0.8314686417579651	1.4561125638579142e-08	0.6871584057807922	-0.4591464698314667	0.5630255937576294
0.20000000298023224	-0.20000000298023224	-2.567225933074951	0.8325509428977966	0.8057810068130493	1.0	0	0.0	0	0.0	0	0.46813806891441345	-0.3128011226654053	-0.8264394998550415	0.5555717945098877	0.8314685225486755	1.456089471219002e-08	0.687158465385437	-0.4591464698314667	0.5630255341529846
0.35355299711227417	-0.35355299711227417	-1.7999999523162842	0.4688429832458496	0.6287734508514404	1.0	0	0.0	0	0.0	0	0.7933497428894043	-0.6087661981582642	0.0	-0.6087661385536194	-0.7933497428894043	7.262529493345937e-07	-4.4211819272277353e-07	-5.761725105912774e-07	-1.0
0.433012992143631	-0.25	-0.6000000238418579	0.4442523717880249	0.3143867254257202	1.0	0	0.0	0	0.0	0	0.7933497428894043	-0.6087661981582642	0.0	-0.6087661981582642	-0.7933498024940491	7.262531198648503e-07	-4.421182779879018e-07	-5.761726242781151e-07	-1.0
0.35355299711227417	-0.35355299711227417	-0.6000000238418579	0.4688429832458496	0.3143867552280426	1.0	0	0.0	0	0.0	0	0.7933497428894043	-0.6087661981582642	0.0	-0.6087661385536194	-0.7933497428894043	7.262530061780126e-07	-4.4211822114448296e-07	-5.761725674346962e-07	-1.0
0.0	0.0	-1.884382963180542	0.07267780601978302	0.7720410823822021	1.0	0	0.0	0	0.0	0	0.16526445746421814	0.11042702198028564	0.9800477027893066	-0.5555699467658997	0.8314697742462158	-7.734047358098906e-07	-0.8148801922798157	-0.5444849729537964	0.19876235723495483
0.14142100512981415	0.05857900157570839	-1.9148310422897339	0.06485404819250107	0.7327081561088562	1.0	0	0.0	0	0.0	0	0.16526445746421814	0.11042702198028564	0.9800477027893066	-0.5555699467658997	0.8314697742462158	-7.734048494967283e-07	-0.8148801922798157	-0.5444849729537964	0.19876235723495483
0.10823900252580643	0.10823900252580643	-1.9148310422897339	0.08050152659416199	0.732708215713501	1.0	0	0.0	0	0.0	0	0.16526445746421814	0.11042702198028564	0.9800477027893066	-0.5555699467658997	0.8314698338508606	-7.807066140230745e-07	-0.8148802518844604	-0.5444849729537964	0.19876238703727722
0.26131299138069153	-0.26131299138069153	-2.131309986114502	0.4127415418624878	0.7429786920547485	1.0	0	0.0	0	0.0	0	0.6954359412193298	-0.4646773338317871	0.5481275320053101	0.5555717945098877	0.8314685821533203	-1.128262283600634e-08	-0.45575082302093506	0.30452418327331543	0.8363947868347168
0.26131299138069153	-0.10823900252580643	-2.0015408992767334	0.4524068236351013	0.7769767045974731	1.0	0	0.0	0	0.0	0	0.6954359412193298	-0.4646773338317871	0.5481275320053101	0.5555717945098877	0.8314685821533203	2.138835952791851e-08	-0.45575082302093506	0.30452418327331543	0.8363947868347168
0.20000000298023224	-0.20000000298023224	-2.0015408992767334	0.43099796772003174	0.7769767045974731	1.0	0	0.0	0	0.0	0	0.6954359412193298	-0.4646773338317871	0.5481275320053101	0.5555717945098877	0.8314685821533203	-1.128262283600634e-08	-0.45575082302093506	0.30452418327331543	0.8363947868347168
0.433012992143631	-0.25	-1.7999999523162842	0.4442523419857025	2.8922912065354467e-08	1.0	0	0.0	0	0.0	0	0.9238795638084412	-0.38268333673477173	0.0	0.38268333673477173	0.9238795638084412	0.0	0.0	0.0	1.0
0.4829629957675934	-0.1294099986553192	-0.6000000238418579	0.47357046604156494	0.3143867254257202	1.0	0	0.0	0	0.0	0	0.9238795638084412	-0.38268333673477173	0.0	0.38268333673477173	0.9238795638084412	0.0	0.0	0.0	1.0
0.433012992143631	-0.25	-0.6000000238418579	0.4442523419857025	0.3143867254257202	1.0	0	0.0	0	0.0	0	0.9238795638084412	-0.38268333673477173	0.0	0.3826833665370941	0.9238796234130859	0.0	0.0	0.0	1.0
0.14142100512981415	0.05857900157570839	-2.653934955596924	0.880352258682251	0.7553832530975342	1.0	0	0.0	0	0.0	0	0.165263831615448	0.11042661219835281	-0.980047881603241	0.5460689067840576	0.8172463774681091	0.18416568636894226	0.821277379989624	-0.5656095743179321	0.07476074248552322
0.0	0.0	-2.684382915496826	0.8470073342323303	0.7331031560897827	1.0	0	0.0	0	0.0	0	0.165263831615448	0.11042661219835281	-0.980047881603241	0.5460689067840576	0.8172464370727539	0.18416568636894226	0.8212774395942688	-0.5656095743179321	0.07476073503494263
0.10823900252580643	0.10823900252580643	-2.653934955596924	0.8863402009010315	0.7409268617630005	1.0	0	0.0	0	0.0	0	0.165263831615448	0.11042661219835281	-0.980047881603241	0.5460689067840576	0.8172464370727539	0.18416568636894226	0.8212774395942688	-0.5656095743179321	0.07476073503494263
0.20000000298023224	-0.20000000298023224	-2.567225933074951	0.43099796772003174	0.6287735104560852	1.0	0	0.0	0	0.0	0	0.6954401731491089	-0.4646710157394409	-0.5481275916099548	0.555564284324646	0.8314736485481262	-2.2855155989986997e-08	0.4557536542415619	-0.3045200705528259	0.8363947868347168
0.3414210081100464	-0.14142100512981415	-2.4374570846557617	0.44071370363235474	0.6627715229988098	1.0	0	0.0	0	0.0	0	0.6954401731491089	-0.4646710157394409	-0.5481275916099548	0.555564284324646	0.831473708152771	-2.2855157766343837e-08	0.4557536244392395	-0.30452004075050354	0.8363947868347168
0.26131299138069153	-0.26131299138069153	-2.4374570846557617	0.4127415418624878	0.6627715229988098	1.0	0	0.0	0	0.0	0	0.6954401731491089	-0.4646710157394409	-0.5481275916099548	0.5555642247200012	0.8314735889434814	-2.285515243727332e-08	0.4557536244392395	-0.30452004075050354	0.836394727230072
0.4829629957675934	-0.1294099986553192	-1.7999999523162842	0.47357049584388733	2.6709454203910354e-08	1.0	0	0.0	0	0.0	0	0.991445004940033	-0.13052509725093842	0.0	0.13052509725093842	0.991445004940033	0.0	0.0	0.0	1.0
0.5	0.0	-0.6000000238418579	0.5064456462860107	0.3143867254257202	1.0	0	0.0	0	0.0	0	0.991445004940033	-0.13052509725093842	0.0	0.13052509725093842	0.991445004940033	0.0	0.0	0.0	1.0
0.4829629957675934	-0.1294099986553192	-0.6000000238418579	0.47357046604156494	0.3143867254257202	1.0	0	0.0	0	0.0	0	0.991445004940033	-0.13052509725093842	0.0	0.13052509725093842	0.991445004940033	0.0	0.0	0.0	1.0
0.1530729979276657	0.0	-2.653934955596924	0.8692876696586609	0.766447901725769	1.0	0	0.0	0	0.0	0	0.5522063374519348	0.10984029620885849	-0.8264402151107788	0.5005238652229309	0.7490816116333008	0.4339960813522339	0.6667413711547852	-0.6533083915710449	0.3586699068546295
0.26131299138069153	0.10823900252580643	-2.567225933074951	0.9086207151412964	0.7742717862129211	1.0	0	0.0	0	0.0	0	0.5522063374519348	0.10984029620885849	-0.8264402151107788	0.5005239248275757	0.7490816116333008	0.43399614095687866	0.6667413115501404	-0.6533084511756897	0.35866987705230713
0.2828429937362671	0.0	-2.567225933074951	0.8881761431694031	0.7947164177894592	1.0	0	0.0	0	0.0	0	0.5522063374519348	0.10984029620885849	-0.8264402151107788	0.5005239248275757	0.7490816116333008	0.43399614095687866	0.6667413115501404	-0.6533084511756897	0.35866987705230713
0.20000000298023224	-0.20000000298023224	-2.0015408992767334	-4.248539653417538e-08	0.7575846910476685	1.0	0	0.0	0	0.0	0	0.46814048290252686	-0.31280386447906494	0.8264370560646057	-0.470187783241272	0.7036845684051514	0.532683253288269	-0.7481763958930969	-0.6379511952400208	0.1823466569185257
0.14142100512981415	-0.05857900157570839	-1.9148310422897339	0.03933286666870117	0.7497609853744507	1.0	0	0.0	0	0.0	0	0.46814048290252686	-0.31280386447906494	0.8264370560646057	-0.47018781304359436	0.7036845088005066	0.532683253288269	-0.7481763958930969	-0.6379513144493103	0.1823466420173645
0.10823900252580643	-0.10823900252580643	-1.9148310422897339	0.03334491699934006	0.7642173767089844	1.0	0	0.0	0	0.0	0	0.46814048290252686	-0.31280386447906494	0.8264370560646057	-0.47018787264823914	0.7036845684051514	0.5326833128929138	-0.7481763958930969	-0.6379512548446655	0.1823466718196869
0.5	0.0	-1.7999999523162842	0.5064456462860107	-7.004066659987984e-09	1.0	0	0.0	0	0.0	0	0.991445004940033	0.13052509725093842	0.0	-0.13052509725093842	0.9914449453353882	0.0	0.0	0.0	1.0
0.4829629957675934	0.1294099986553192	-0.6000000238418579	0.540637195110321	0.3143867254257202	1.0	0	0.0	0	0.0	0	0.991445004940033	0.13052509725093842	0.0	-0.13052509725093842	0.991445004940033	0.0	0.0	0.0	1.0
0.5	0.0	-0.6000000238418579	0.5064456462860107	0.3143867254257202	1.0	0	0.0	0	0.0	0	0.991445004940033	0.13052509725093842	0.0	-0.13052509725093842	0.991445004940033	0.0	0.0	0.0	1.0
0.36955198645591736	0.0	-2.4374570846557617	0.4762726128101349	0.6627715229988098	1.0	0	0.0	0	0.0	0	0.962637722492218	0.19147996604442596	-0.1914786845445633	-0.19508974254131317	0.9807853698730469	2.0922419352586985e-10	0.18779949843883514	0.03735552728176117	0.9814967513084412
0.36955198645591736	0.1530729979276657	-2.2843830585479736	0.5159376263618469	0.7028751969337463	1.0	0	0.0	0	0.0	0	0.962637722492218	0.19147996604442596	-0.1914786845445633	-0.19508975744247437	0.9807854294776917	2.0922374943666e-10	0.18779949843883514	0.03735553100705147	0.9814968109130859
0.4000000059604645	0.0	-2.2843830585479736	0.47509631514549255	0.7028751969337463	1.0	0	0.0	0	0.0	0	0.962637722492218	0.19147996604442596	-0.1914786845445633	-0.19508974254131317	0.9807853698730469	-2.6440314382369934e-09	0.18779949843883514	0.03735553100705147	0.9814967513084412
0.14142100512981415	-0.3414210081100464	-2.131309986114502	0.6672173142433167	0.546220064163208	1.0	0	0.0	0	0.0	0	0.5452844500541687	-0.8160884976387024	0.19147954881191254	-0.8314736485481262	-0.555564284324646	-1.9403503248582865e-09	0.1063792034983635	-0.1592101901769638	-0.9814966320991516
0.2828429937362671	-0.2828429937362671	-2.2843830585479736	0.6283082962036133	0.5863235592842102	1.0	0	0.0	0	0.0	0	0.5452844500541687	-0.8160884976387024	0.19147954881191254	-0.8314735889434814	-0.555564284324646	9.472721274050855e-09	0.1063792034983635	-0.159210205078125	-0.9814966917037964
0.26131299138069153	-0.26131299138069153	-2.131309986114502	0.6330555081367493	0.546220064163208	1.0	0	0.0	0	0.0	0	0.5452844500541687	-0.8160884976387024	0.19147954881191254	-0.8314735889434814	-0.555564284324646	-1.940357208241039e-09	0.10637921094894409	-0.159210205078125	-0.9814966917037964
0.4829629957675934	0.1294099986553192	-1.7999999523162842	0.540637195110321	2.1646059167323983e-08	1.0	0	0.0	0	0.0	0	0.9238795638084412	0.38268333673477173	0.0	-0.3826833665370941	0.9238795638084412	0.0	0.0	0.0	1.0
0.433012992143631	0.25	-0.6000000238418579	0.5738147497177124	0.3143867254257202	1.0	0	0.0	0	0.0	0	0.9238795638084412	0.38268333673477173	0.0	-0.3826833665370941	0.9238795638084412	0.0	0.0	0.0	1.0
0.4829629957675934	0.1294099986553192	-0.6000000238418579	0.540637195110321	0.3143867254257202	1.0	0	0.0	0	0.0	0	0.9238795638084412	0.38268333673477173	0.0	-0.3826833665370941	0.9238796234130859	0.0	0.0	0.0	1.0
0.36955198645591736	0.0	-2.131309986114502	0.4762726128101349	0.7429786324501038	1.0	0	0.0	0	0.0	0	0.8203256726264954	0.16317236423492432	0.5481244921684265	-0.1950896978378296	0.9807854890823364	-7.325746231856556e-09	-0.5375925302505493	-0.10693342983722687	0.8363967537879944
0.26131299138069153	0.10823900252580643	-2.0015408992767334	0.5085016489028931	0.7769767045974731	1.0	0	0.0	0	0.0	0	0.8203256726264954	0.16317236423492432	0.5481244921684265	-0.195089653134346	0.9807853698730469	8.419397401482343e-10	-0.5375925302505493	-0.10693342983722687	0.8363967537879944
0.2828429937362671	0.0	-2.0015408992767334	0.4796224534511566	0.7769767045974731	1.0	0	0.0	0	0.0	0	0.8203256726264954	0.16317236423492432	0.5481244921684265	-0.1950896978378296	0.9807854890823364	-7.325749784570235e-09	-0.5375925302505493	-0.10693342983722687	0.8363967537879944
0.05857900157570839	-0.14142100512981415	-2.653934955596924	0.8247271776199341	0.7664480805397034	1.0	0	0.0	0	0.0	0	0.11042661219835281	-0.165263831615448	-0.980047881603241	0.5539064407348633	0.8289754986763	-0.07737749814987183	0.8252233862876892	-0.5343102812767029	0.18308165669441223
0.0	0.0	-2.684382915496826	0.8470073342323303	0.7331031560897827	1.0	0	0.0	0	0.0	0	0.11042661219835281	-0.165263831615448	-0.980047881603241	0.5539065003395081	0.8289754390716553	-0.07737749069929123	0.8252233266830444	-0.5343103408813477	0.18308165669441223
0.10823900252580643	-0.10823900252580643	-2.653934955596924	0.8391836285591125	0.7724360227584839	1.0	0	0.0	0	0.0	0	0.11042661219835281	-0.165263831615448	-0.980047881603241	0.5539065003395081	0.8289754390716553	-0.07737749069929123	0.8252233266830444	-0.5343103408813477	0.18308165669441223
0.433012992143631	0.25	-1.7999999523162842	0.5738147497177124	1.914122016444253e-08	1.0	0	0.0	0	0.0	0	0.7933497428894043	0.6087661981582642	0.0	-0.6087661385536194	0.7933497428894043	0.0	0.0	0.0	1.0
0.35355299711227417	0.35355299711227417	-0.6000000238418579	0.6037176847457886	0.3143867254257202	1.0	0	0.0	0	0.0	0	0.7933497428894043	0.6087661981582642	0.0	-0.6087661981582642	0.7933498024940491	0.0	0.0	0.0	1.0
0.433012992143631	0.25	-0.6000000238418579	0.5738147497177124	0.3143867254257202	1.0	0	0.0	0	0.0	0	0.7933497428894043	0.6087661981582642	0.0	-0.6087661385536194	0.7933497428894043	0.0	0.0	0.0	1.0
0.0	0.0	-1.884382963180542	0.07267780601978302	0.7720410823822021	1.0	0	0.0	0	0.0	0	0.19494342803955078	0.03877633810043335	0.9800477623939514	-0.5539065003395081	0.828975260257721	0.07737971097230911	-0.8094347715377808	-0.5579394698143005	0.183081716299057
0.1530729979276657	0.0	-1.9148310422897339	0.050397466868162155	0.7386963367462158	1.0	0	0.0	0	0.0	0	0.19494342803955078	0.03877633810043335	0.9800477623939514	-0.5539065003395081	0.8289753198623657	0.07737970352172852	-0.8094348311424255	-0.5579394698143005	0.1830817312002182
0.14142100512981415	0.05857900157570839	-1.9148310422897339	0.06485404819250107	0.7327081561088562	1.0	0	0.0	0	0.0	0	0.19494342803955078	0.03877633810043335	0.9800477623939514	-0.5539065003395081	0.8289753198623657	0.07737970352172852	-0.8094348311424255	-0.5579394698143005	0.183081716299057
0.0	0.0	-1.884382963180542	0.07267780601978302	0.7720410823822021	1.0	0	0.0	0	0.0	0	0.11042702198028564	-0.16526445746421814	0.9800477027893066	-0.5444871187210083	0.8148788213729858	0.19876237213611603	-0.8314684629440308	-0.5555720925331116	2.6822092991096724e-07
0.05857900157570839	-0.14142100512981415	-1.9148310422897339	0.03334488719701767	0.7798648476600647	1.0	0	0.0	0	0.0	0	0.11042702198028564	-0.16526445746421814	0.9800477027893066	-0.5444871783256531	0.8148787617683411	0.19876237213611603	-0.831468403339386	-0.5555721521377563	2.533197687171196e-07
0.10823900252580643	-0.10823900252580643	-1.9148310422897339	0.03334491699934006	0.7642173767089844	1.0	0	0.0	0	0.0	0	0.11042702198028564	-0.16526445746421814	0.9800477027893066	-0.5444871187210083	0.8148787021636963	0.19876234233379364	-0.8314683437347412	-0.5555720925331116	2.60770320892334e-07
0.35355299711227417	0.35355299711227417	-1.7999999523162842	0.6037176847457886	1.6883610953755124e-08	1.0	0	0.0	0	0.0	0	0.6087661981582642	0.7933497428894043	0.0	-0.7933496832847595	0.6087661981582642	0.0	0.0	0.0	1.0
0.25	0.433012992143631	-0.6000000238418579	0.6283083558082581	0.3143867254257202	1.0	0	0.0	0	0.0	0	0.6087661981582642	0.7933497428894043	0.0	-0.7933496832847595	0.6087661981582642	0.0	0.0	0.0	1.0
0.35355299711227417	0.35355299711227417	-0.6000000238418579	0.6037176847457886	0.3143867254257202	1.0	0	0.0	0	0.0	0	0.6087661981582642	0.7933497428894043	0.0	-0.7933496832847595	0.6087661981582642	0.0	0.0	0.0	1.0
0.1530729979276657	0.0	-2.653934955596924	0.8692876696586609	0.766447901725769	1.0	0	0.0	0	0.0	0	0.1949426680803299	0.03877619281411171	-0.980047881603241	0.5499473810195923	0.8230472207069397	0.1419551521539688	0.8121300339698792	-0.5666478276252747	0.1391221433877945
0.0	0.0	-2.684382915496826	0.8470073342323303	0.7331031560897827	1.0	0	0.0	0	0.0	0	0.1949426680803299	0.03877619281411171	-0.980047881603241	0.5499474406242371	0.8230471611022949	0.1419551521539688	0.8121299743652344	-0.5666478872299194	0.1391221284866333
0.14142100512981415	0.05857900157570839	-2.653934955596924	0.880352258682251	0.7553832530975342	1.0	0	0.0	0	0.0	0	0.1949426680803299	0.03877619281411171	-0.980047881603241	0.5499473810195923	0.8230471014976501	0.1419551521539688	0.8121300339698792	-0.5666478872299194	0.1391221284866333
0.14142100512981415	-0.3414210081100464	-2.4374570846557617	0.6672173142433167	0.6264272332191467	1.0	0	0.0	0	0.0	0	0.5452876091003418	-0.816085696220398	-0.19148239493370056	-0.8314712643623352	-0.5555678606033325	1.1565077784325695e-08	-0.10638146847486496	0.1592121124267578	-0.9814960956573486
0.2828429937362671	-0.2828429937362671	-2.2843830585479736	0.6283082962036133	0.5863235592842102	1.0	0	0.0	0	0.0	0	0.5452876091003418	-0.816085696220398	-0.19148239493370056	-0.8314712643623352	-0.5555678606033325	-5.554781523642305e-09	-0.10638145357370377	0.1592121124267578	-0.9814960956573486
0.1530729979276657	-0.36955198645591736	-2.2843830585479736	0.6652847528457642	0.5863235592842102	1.0	0	0.0	0	0.0	0	0.5452876091003418	-0.816085696220398	-0.19148239493370056	-0.8314712643623352	-0.5555678606033325	1.518429826319334e-10	-0.10638146102428436	0.1592121124267578	-0.9814960956573486
0.25	0.433012992143631	-1.7999999523162842	0.2597474753856659	4.309305268179742e-08	1.0	0	0.0	0	0.0	0	0.38268333673477173	0.9238795638084412	0.0	-0.9238796234130859	0.38268333673477173	0.0	0.0	0.0	1.0
0.1294099986553192	0.4829629957675934	-0.6000000238418579	0.2886379659175873	0.3143867254257202	1.0	0	0.0	0	0.0	0	0.38268333673477173	0.9238795638084412	0.0	-0.9238796234130859	0.3826833963394165	0.0	0.0	0.0	1.0
0.25	0.433012992143631	-0.6000000238418579	0.2597474753856659	0.3143867254257202	1.0	0	0.0	0	0.0	0	0.38268333673477173	0.9238795638084412	0.0	-0.9238795638084412	0.38268333673477173	0.0	0.0	0.0	1.0
0.36955198645591736	0.0	-2.4374570846557617	0.4762726128101349	0.6627715229988098	1.0	0	0.0	0	0.0	0	0.8203262090682983	0.16317644715309143	-0.5481225252151489	-0.1950942575931549	0.98078453540802	-1.540442440273182e-09	0.5375900864601135	0.10693556070327759	0.8363980650901794
0.26131299138069153	0.10823900252580643	-2.567225933074951	0.5085016489028931	0.6287735104560852	1.0	0	0.0	0	0.0	0	0.8203262090682983	0.16317644715309143	-0.5481225252151489	-0.1950942575931549	0.98078453540802	-1.540442440273182e-09	0.5375900864601135	0.10693556070327759	0.8363980650901794
0.3414210081100464	0.14142100512981415	-2.4374570846557617	0.5140051245689392	0.6627715229988098	1.0	0	0.0	0	0.0	0	0.8203262090682983	0.16317644715309143	-0.5481225252151489	-0.1950942724943161	0.98078453540802	-1.5404284514630717e-09	0.5375900864601135	0.10693556070327759	0.8363980650901794
0.10823900252580643	-0.26131299138069153	-2.0015408992767334	-4.5270450499401704e-08	0.7864978313446045	1.0	0	0.0	0	0.0	0	0.3128041625022888	-0.46814095973968506	0.8264366984367371	-0.4591445326805115	0.6871563792228699	0.5630296468734741	-0.8314684629440308	-0.5555719137191772	1.0132789611816406e-06
0.10823900252580643	-0.10823900252580643	-1.9148310422897339	0.03334491699934006	0.7642173767089844	1.0	0	0.0	0	0.0	0	0.3128041625022888	-0.46814095973968506	0.8264366984367371	-0.45914456248283386	0.6871563792228699	0.5630296468734741	-0.8314684629440308	-0.5555719137191772	9.98377799987793e-07
0.05857900157570839	-0.14142100512981415	-1.9148310422897339	0.03334488719701767	0.7798648476600647	1.0	0	0.0	0	0.0	0	0.3128041625022888	-0.46814095973968506	0.8264366984367371	-0.45914456248283386	0.6871563792228699	0.5630296468734741	-0.8314684629440308	-0.5555719137191772	9.98377799987793e-07
0.1294099986553192	0.4829629957675934	-1.7999999523162842	0.2886379659175873	2.0224554475589684e-08	1.0	0	0.0	0	0.0	0	0.13052509725093842	0.991445004940033	0.0	-0.991445004940033	0.13052509725093842	0.0	0.0	0.0	1.0
0.0	0.5	-0.6000000238418579	0.32127952575683594	0.3143867254257202	1.0	0	0.0	0	0.0	0	0.13052509725093842	0.991445004940033	0.0	-0.991445004940033	0.13052509725093842	0.0	0.0	0.0	1.0
0.1294099986553192	0.4829629957675934	-0.6000000238418579	0.2886379659175873	0.3143867254257202	1.0	0	0.0	0	0.0	0	0.13052509725093842	0.991445004940033	0.0	-0.991445004940033	0.13052509725093842	0.0	0.0	0.0	1.0
0.4000000059604645	0.0	-2.2843830585479736	0.47509631514549255	0.7028751969337463	1.0	0	0.0	0	0.0	0	0.9626366496086121	0.19148436188697815	0.1914796531200409	-0.1950942724943161	0.98078453540802	2.1209365375085554e-09	-0.18780028820037842	-0.03735658526420593	0.9814966320991516
0.3414210081100464	0.14142100512981415	-2.131309986114502	0.5140051245689392	0.7429786324501038	1.0	0	0.0	0	0.0	0	0.9626366496086121	0.19148436188697815	0.1914796531200409	-0.1950942724943161	0.98078453540802	2.1209398681776293e-09	-0.18780028820037842	-0.03735658898949623	0.9814966320991516
0.36955198645591736	0.0	-2.131309986114502	0.4762726128101349	0.7429786324501038	1.0	0	0.0	0	0.0	0	0.9626366496086121	0.19148436188697815	0.1914796531200409	-0.1950942426919937	0.9807844758033752	2.120937869776185e-09	-0.18780025839805603	-0.03735658526420593	0.9814965724945068
0.10823900252580643	-0.26131299138069153	-2.567225933074951	0.6727207899093628	0.6604252457618713	1.0	0	0.0	0	0.0	0	0.46467265486717224	-0.6954426169395447	-0.5481230616569519	-0.8314736485481262	-0.555564284324646	7.772144705597839e-09	-0.30451759696006775	0.45574986934661865	-0.8363977670669556
0.26131299138069153	-0.26131299138069153	-2.4374570846557617	0.6330555081367493	0.6264272332191467	1.0	0	0.0	0	0.0	0	0.46467265486717224	-0.6954426169395447	-0.5481230616569519	-0.831473708152771	-0.555564284324646	7.7722015490167e-09	-0.30451759696006775	0.45574989914894104	-0.8363977670669556
0.14142100512981415	-0.3414210081100464	-2.4374570846557617	0.6672173142433167	0.6264272332191467	1.0	0	0.0	0	0.0	0	0.46467265486717224	-0.6954426169395447	-0.5481230616569519	-0.8314736485481262	-0.555564284324646	7.772144705597839e-09	-0.30451759696006775	0.45574986934661865	-0.8363977670669556
0.0	0.5	-1.7999999523162842	0.32127949595451355	1.0606958866787863e-08	1.0	0	0.0	0	0.0	0	-0.13052509725093842	0.991445004940033	0.0	-0.9914449453353882	-0.13052509725093842	0.0	0.0	0.0	1.0
-0.1294099986553192	0.4829629957675934	-0.6000000238418579	0.3554474115371704	0.3143867254257202	1.0	0	0.0	0	0.0	0	-0.13052509725093842	0.991445004940033	0.0	-0.991445004940033	-0.13052509725093842	0.0	0.0	0.0	1.0
0.0	0.5	-0.6000000238418579	0.32127952575683594	0.3143867254257202	1.0	0	0.0	0	0.0	0	-0.13052509725093842	0.991445004940033	0.0	-0.991445004940033	-0.13052509725093842	0.0	0.0	0.0	1.0
0.2828429937362671	0.0	-2.0015408992767334	0.03150897100567818	0.7104278206825256	1.0	0	0.0	0	0.0	0	0.5522099733352661	0.1098404973745346	0.8264376521110535	-0.5376018285751343	0.8045735955238342	0.2522807717323303	-0.6372193098068237	-0.5836063623428345	0.5033439993858337
0.14142100512981415	0.05857900157570839	-1.9148310422897339	0.06485404819250107	0.7327081561088562	1.0	0	0.0	0	0.0	0	0.5522099733352661	0.1098404973745346	0.8264376521110535	-0.5376018285751343	0.804573655128479	0.2522807717323303	-0.6372193098068237	-0.5836063027381897	0.5033439993858337
0.1530729979276657	0.0	-1.9148310422897339	0.050397466868162155	0.7386963367462158	1.0	0	0.0	0	0.0	0	0.5522099733352661	0.1098404973745346	0.8264376521110535	-0.5376018285751343	0.804573655128479	0.2522807717323303	-0.6372193098068237	-0.5836063027381897	0.5033439993858337
0.14142100512981415	-0.3414210081100464	-2.131309986114502	0.6672173142433167	0.546220064163208	1.0	0	0.0	0	0.0	0	0.4646795094013214	-0.6954391598701477	0.5481216907501221	-0.8314685821533203	-0.5555718541145325	-8.55942516864161e-09	0.30452096462249756	-0.4557459056377411	-0.8363986015319824
0.20000000298023224	-0.20000000298023224	-2.0015408992767334	0.6465744972229004	0.5122219920158386	1.0	0	0.0	0	0.0	0	0.4646795094013214	-0.6954391598701477	0.5481216907501221	-0.8314685821533203	-0.5555718541145325	-8.55942516864161e-09	0.30452096462249756	-0.4557459056377411	-0.8363986015319824
0.10823900252580643	-0.26131299138069153	-2.0015408992767334	0.672720730304718	0.5122219920158386	1.0	0	0.0	0	0.0	0	0.4646795094013214	-0.6954391598701477	0.5481216907501221	-0.8314686417579651	-0.5555718541145325	-2.4894806216479992e-08	0.30452096462249756	-0.4557459354400635	-0.8363986611366272
-0.1294099986553192	0.4829629957675934	-1.7999999523162842	0.3554474115371704	6.3813141437663035e-09	1.0	0	0.0	0	0.0	0	-0.38268333673477173	0.9238795638084412	0.0	-0.9238796234130859	-0.38268333673477173	0.0	0.0	0.0	1.0
-0.25	0.433012992143631	-0.6000000238418579	0.38881295919418335	0.3143867254257202	1.0	0	0.0	0	0.0	0	-0.38268333673477173	0.9238795638084412	0.0	-0.9238795638084412	-0.38268333673477173	0.0	0.0	0.0	1.0
-0.1294099986553192	0.4829629957675934	-0.6000000238418579	0.3554474115371704	0.3143867254257202	1.0	0	0.0	0	0.0	0	-0.38268333673477173	0.9238795638084412	0.0	-0.9238796234130859	-0.3826833963394165	0.0	0.0	0.0	1.0
0.26131299138069153	-0.10823900252580643	-2.0015408992767334	0.011064436286687851	0.730872392654419	1.0	0	0.0	0	0.0	0	0.5522103309631348	-0.10984056442975998	0.8264375329017639	-0.5005223751068115	0.7490808367729187	0.43399909138679504	-0.6667392253875732	-0.6533092260360718	0.35867249965667725
0.1530729979276657	0.0	-1.9148310422897339	0.050397466868162155	0.7386963367462158	1.0	0	0.0	0	0.0	0	0.5522103309631348	-0.10984056442975998	0.8264375329017639	-0.5005224943161011	0.7490808367729187	0.43399912118911743	-0.6667391657829285	-0.6533092856407166	0.35867246985435486
0.14142100512981415	-0.05857900157570839	-1.9148310422897339	0.03933286666870117	0.7497609853744507	1.0	0	0.0	0	0.0	0	0.5522103309631348	-0.10984056442975998	0.8264375329017639	-0.5005224347114563	0.7490808963775635	0.43399912118911743	-0.6667392253875732	-0.6533092260360718	0.35867249965667725
0.10823900252580643	-0.26131299138069153	-2.567225933074951	0.8058386445045471	0.794716477394104	1.0	0	0.0	0	0.0	0	0.31280115246772766	-0.46813806891441345	-0.8264394998550415	0.5376009345054626	0.8045759201049805	-0.2522754669189453	0.7830329537391663	-0.365382581949234	0.5033436417579651
0.10823900252580643	-0.10823900252580643	-2.653934955596924	0.8391836285591125	0.7724360227584839	1.0	0	0.0	0	0.0	0	0.31280115246772766	-0.46813806891441345	-0.8264394998550415	0.5376008749008179	0.8045759201049805	-0.2522754967212677	0.7830330729484558	-0.3653825521469116	0.5033437013626099
0.20000000298023224	-0.20000000298023224	-2.567225933074951	0.8325509428977966	0.8057810068130493	1.0	0	0.0	0	0.0	0	0.31280115246772766	-0.46813806891441345	-0.8264394998550415	0.5376009345054626	0.8045759201049805	-0.2522754669189453	0.7830329537391663	-0.365382581949234	0.5033436417579651
-0.25	0.433012992143631	-1.7999999523162842	0.38881295919418335	-6.78739064952083e-10	1.0	0	0.0	0	0.0	0	-0.6087661981582642	0.7933497428894043	0.0	-0.7933497428894043	-0.6087661981582642	0.0	0.0	0.0	1.0
-0.35355299711227417	0.35355299711227417	-0.6000000238418579	0.41910263895988464	0.3143867254257202	1.0	0	0.0	0	0.0	0	-0.6087661981582642	0.7933497428894043	0.0	-0.7933498024940491	-0.6087661981582642	0.0	0.0	0.0	1.0
-0.25	0.433012992143631	-0.6000000238418579	0.38881295919418335	0.3143867254257202	1.0	0	0.0	0	0.0	0	-0.6087661981582642	0.7933497428894043	0.0	-0.7933498024940491	-0.6087661981582642	0.0	0.0	0.0	1.0
0.3414210081100464	-0.14142100512981415	-2.4374570846557617	0.44071370363235474	0.6627715229988098	1.0	0	0.0	0	0.0	0	0.8203247785568237	-0.16317614912986755	-0.5481248497962952	0.1950942426919937	0.9807844758033752	1.2161507356722723e-08	0.537592351436615	-0.1069360077381134	0.8363965153694153
0.2828429937362671	0.0	-2.567225933074951	0.4796224534511566	0.6287735104560852	1.0	0	0.0	0	0.0	0	0.8203247785568237	-0.16317614912986755	-0.5481248497962952	0.1950942426919937	0.9807844758033752	3.993804398305656e-09	0.537592351436615	-0.1069360002875328	0.8363965153694153
0.36955198645591736	0.0	-2.4374570846557617	0.4762726128101349	0.6627715229988098	1.0	0	0.0	0	0.0	0	0.8203247785568237	-0.16317614912986755	-0.5481248497962952	0.1950942426919937	0.9807844758033752	3.993790187450941e-09	0.537592351436615	-0.1069360002875328	0.8363965153694153
0.0	-0.1530729979276657	-2.653934955596924	0.813662588596344	0.7553834915161133	1.0	0	0.0	0	0.0	0	0.03877619281411171	-0.1949426680803299	-0.980047881603241	0.5499459505081177	0.8230482339859009	-0.141954705119133	0.8342995643615723	-0.5334688425064087	0.1391225904226303
0.0	0.0	-2.684382915496826	0.8470073342323303	0.7331031560897827	1.0	0	0.0	0	0.0	0	0.03877619281411171	-0.1949426680803299	-0.980047881603241	0.5499459505081177	0.8230481743812561	-0.141954705119133	0.834299623966217	-0.5334689021110535	0.1391226053237915
0.05857900157570839	-0.14142100512981415	-2.653934955596924	0.8247271776199341	0.7664480805397034	1.0	0	0.0	0	0.0	0	0.03877619281411171	-0.1949426680803299	-0.980047881603241	0.5499459505081177	0.8230482339859009	-0.141954705119133	0.8342996835708618	-0.5334689021110535	0.1391226053237915
-0.35355299711227417	0.35355299711227417	-1.7999999523162842	0.41910260915756226	1.2627015877342274e-08	1.0	0	0.0	0	0.0	0	-0.7933497428894043	0.6087661981582642	0.0	-0.6087661385536194	-0.7933497428894043	-7.262528924911749e-07	-4.421181643010641e-07	-5.761725105912774e-07	1.0
-0.433012992143631	0.25	-0.6000000238418579	0.4442524015903473	0.3143867552280426	1.0	0	0.0	0	0.0	0	-0.7933497428894043	0.6087661981582642	0.0	-0.6087661385536194	-0.7933497428894043	-7.262529493345937e-07	-4.4211822114448296e-07	-5.761725674346962e-07	1.0
-0.35355299711227417	0.35355299711227417	-0.6000000238418579	0.41910263895988464	0.3143867254257202	1.0	0	0.0	0	0.0	0	-0.7933497428894043	0.6087661981582642	0.0	-0.6087661385536194	-0.7933497428894043	-7.262529493345937e-07	-4.4211822114448296e-07	-5.761725674346962e-07	1.0
0.14142100512981415	-0.05857900157570839	-2.653934955596924	0.8548310995101929	0.7724360227584839	1.0	0	0.0	0	0.0	0	0.1949426680803299	-0.03877619281411171	-0.980047881603241	0.5539039373397827	0.8289771676063538	0.07737880200147629	0.8094367384910583	-0.5579367876052856	0.18308128416538239
0.0	0.0	-2.684382915496826	0.8470073342323303	0.7331031560897827	1.0	0	0.0	0	0.0	0	0.1949426680803299	-0.03877619281411171	-0.980047881603241	0.5539039373397827	0.828977108001709	0.07737880200147629	0.8094366788864136	-0.5579367876052856	0.1830812692642212
0.1530729979276657	0.0	-2.653934955596924	0.8692876696586609	0.766447901725769	1.0	0	0.0	0	0.0	0	0.1949426680803299	-0.03877619281411171	-0.980047881603241	0.5539039373397827	0.828977108001709	0.07737880200147629	0.8094366788864136	-0.5579367876052856	0.1830812692642212
0.0	-0.4000000059604645	-2.2843830585479736	0.7061260938644409	0.5863235592842102	1.0	0	0.0	0	0.0	0	0.19148436188697815	-0.9626366496086121	0.1914796531200409	-0.98078453540802	-0.1950942873954773	2.40629582926033e-09	0.037356581538915634	-0.18780028820037842	-0.9814966320991516
0.14142100512981415	-0.3414210081100464	-2.131309986114502	0.6672173142433167	0.546220064163208	1.0	0	0.0	0	0.0	0	0.19148436188697815	-0.9626366496086121	0.1914796531200409	-0.98078453540802	-0.1950942724943161	-4.469811187846062e-10	0.03735658526420593	-0.18780028820037842	-0.9814966320991516
0.0	-0.36955198645591736	-2.131309986114502	0.7049497961997986	0.546220064163208	1.0	0	0.0	0	0.0	0	0.19148436188697815	-0.9626366496086121	0.1914796531200409	-0.98078453540802	-0.1950942724943161	-3.3002578447849373e-09	0.03735658898949623	-0.18780028820037842	-0.9814966320991516
-0.433012992143631	0.25	-1.7999999523162842	0.44380345940589905	0.6287734508514404	1.0	0	0.0	0	0.0	0	-0.9238795638084412	0.38268333673477173	0.0	0.38268333673477173	0.9238795638084412	-1.4525129472531262e-06	-5.558525231208478e-07	-1.341947040600644e-06	-1.0
